1985    1    1
1985    1    2
1985    1    3
1985    1    4
1985    1    5
1985    1    6
1985    1    7
1985    1    8
1985    1    9
1985    1   10
1985    1   11
1985    1   12
1985    1   13
1985    1   14
1985    1   15
1985    1   16
1985    1   17
1985    1   18
1985    1   19
1985    1   20
1985    1   21
1985    1   22
1985    1   23
1985    1   24
1985    1   25
1985    1   26
1985    1   27
1985    1   28
1985    1   29
1985    1   30
1985    1   31
1985    2    1
1985    2    2
1985    2    3
1985    2    4
1985    2    5
1985    2    6
1985    2    7
1985    2    8
1985    2    9
1985    2   10
1985    2   11
1985    2   12
1985    2   13
1985    2   14
1985    2   15
1985    2   16
1985    2   17
1985    2   18
1985    2   19
1985    2   20
1985    2   21
1985    2   22
1985    2   23
1985    2   24
1985    2   25
1985    2   26
1985    2   27
1985    2   28
1985    3    1
1985    3    2
1985    3    3
1985    3    4
1985    3    5
1985    3    6
1985    3    7
1985    3    8
1985    3    9
1985    3   10
1985    3   11
1985    3   12
1985    3   13
1985    3   14
1985    3   15
1985    3   16
1985    3   17
1985    3   18
1985    3   19
1985    3   20
1985    3   21
1985    3   22
1985    3   23
1985    3   24
1985    3   25
1985    3   26
1985    3   27
1985    3   28
1985    3   29
1985    3   30
1985    3   31
1985    4    1
1985    4    2
1985    4    3
1985    4    4
1985    4    5
1985    4    6
1985    4    7
1985    4    8
1985    4    9
1985    4   10
1985    4   11
1985    4   12
1985    4   13
1985    4   14
1985    4   15
1985    4   16
1985    4   17
1985    4   18
1985    4   19
1985    4   20
1985    4   21
1985    4   22
1985    4   23
1985    4   24
1985    4   25
1985    4   26
1985    4   27
1985    4   28
1985    4   29
1985    4   30
1985    5    1
1985    5    2
1985    5    3
1985    5    4
1985    5    5
1985    5    6
1985    5    7
1985    5    8
1985    5    9
1985    5   10
1985    5   11
1985    5   12
1985    5   13
1985    5   14
1985    5   15
1985    5   16
1985    5   17
1985    5   18
1985    5   19
1985    5   20
1985    5   21
1985    5   22
1985    5   23
1985    5   24
1985    5   25
1985    5   26
1985    5   27
1985    5   28
1985    5   29
1985    5   30
1985    5   31
1985    6    1
1985    6    2
1985    6    3
1985    6    4
1985    6    5
1985    6    6
1985    6    7
1985    6    8
1985    6    9
1985    6   10
1985    6   11
1985    6   12
1985    6   13
1985    6   14
1985    6   15
1985    6   16
1985    6   17
1985    6   18
1985    6   19
1985    6   20
1985    6   21
1985    6   22
1985    6   23
1985    6   24
1985    6   25
1985    6   26
1985    6   27
1985    6   28
1985    6   29
1985    6   30
1985    7    1
1985    7    2
1985    7    3
1985    7    4
1985    7    5
1985    7    6
1985    7    7
1985    7    8
1985    7    9
1985    7   10
1985    7   11
1985    7   12
1985    7   13
1985    7   14
1985    7   15
1985    7   16
1985    7   17
1985    7   18
1985    7   19
1985    7   20
1985    7   21
1985    7   22
1985    7   23
1985    7   24
1985    7   25
1985    7   26
1985    7   27
1985    7   28
1985    7   29
1985    7   30
1985    7   31
1985    8    1
1985    8    2
1985    8    3
1985    8    4
1985    8    5
1985    8    6
1985    8    7
1985    8    8
1985    8    9
1985    8   10
1985    8   11
1985    8   12
1985    8   13
1985    8   14
1985    8   15
1985    8   16
1985    8   17
1985    8   18
1985    8   19
1985    8   20
1985    8   21
1985    8   22
1985    8   23
1985    8   24
1985    8   25
1985    8   26
1985    8   27
1985    8   28
1985    8   29
1985    8   30
1985    8   31
1985    9    1
1985    9    2
1985    9    3
1985    9    4
1985    9    5
1985    9    6
1985    9    7
1985    9    8
1985    9    9
1985    9   10
1985    9   11
1985    9   12
1985    9   13
1985    9   14
1985    9   15
1985    9   16
1985    9   17
1985    9   18
1985    9   19
1985    9   20
1985    9   21
1985    9   22
1985    9   23
1985    9   24
1985    9   25
1985    9   26
1985    9   27
1985    9   28
1985    9   29
1985    9   30
1985   10    1
1985   10    2
1985   10    3
1985   10    4
1985   10    5
1985   10    6
1985   10    7
1985   10    8
1985   10    9
1985   10   10
1985   10   11
1985   10   12
1985   10   13
1985   10   14
1985   10   15
1985   10   16
1985   10   17
1985   10   18
1985   10   19
1985   10   20
1985   10   21
1985   10   22
1985   10   23
1985   10   24
1985   10   25
1985   10   26
1985   10   27
1985   10   28
1985   10   29
1985   10   30
1985   10   31
1985   11    1
1985   11    2
1985   11    3
1985   11    4
1985   11    5
1985   11    6
1985   11    7
1985   11    8
1985   11    9
1985   11   10
1985   11   11
1985   11   12
1985   11   13
1985   11   14
1985   11   15
1985   11   16
1985   11   17
1985   11   18
1985   11   19
1985   11   20
1985   11   21
1985   11   22
1985   11   23
1985   11   24
1985   11   25
1985   11   26
1985   11   27
1985   11   28
1985   11   29
1985   11   30
1985   12    1
1985   12    2
1985   12    3
1985   12    4
1985   12    5
1985   12    6
1985   12    7
1985   12    8
1985   12    9
1985   12   10
1985   12   11
1985   12   12
1985   12   13
1985   12   14
1985   12   15
1985   12   16
1985   12   17
1985   12   18
1985   12   19
1985   12   20
1985   12   21
1985   12   22
1985   12   23
1985   12   24
1985   12   25
1985   12   26
1985   12   27
1985   12   28
1985   12   29
1985   12   30
1985   12   31
1986    1    1
1986    1    2
1986    1    3
1986    1    4
1986    1    5
1986    1    6
1986    1    7
1986    1    8
1986    1    9
1986    1   10
1986    1   11
1986    1   12
1986    1   13
1986    1   14
1986    1   15
1986    1   16
1986    1   17
1986    1   18
1986    1   19
1986    1   20
1986    1   21
1986    1   22
1986    1   23
1986    1   24
1986    1   25
1986    1   26
1986    1   27
1986    1   28
1986    1   29
1986    1   30
1986    1   31
1986    2    1
1986    2    2
1986    2    3
1986    2    4
1986    2    5
1986    2    6
1986    2    7
1986    2    8
1986    2    9
1986    2   10
1986    2   11
1986    2   12
1986    2   13
1986    2   14
1986    2   15
1986    2   16
1986    2   17
1986    2   18
1986    2   19
1986    2   20
1986    2   21
1986    2   22
1986    2   23
1986    2   24
1986    2   25
1986    2   26
1986    2   27
1986    2   28
1986    3    1
1986    3    2
1986    3    3
1986    3    4
1986    3    5
1986    3    6
1986    3    7
1986    3    8
1986    3    9
1986    3   10
1986    3   11
1986    3   12
1986    3   13
1986    3   14
1986    3   15
1986    3   16
1986    3   17
1986    3   18
1986    3   19
1986    3   20
1986    3   21
1986    3   22
1986    3   23
1986    3   24
1986    3   25
1986    3   26
1986    3   27
1986    3   28
1986    3   29
1986    3   30
1986    3   31
1986    4    1
1986    4    2
1986    4    3
1986    4    4
1986    4    5
1986    4    6
1986    4    7
1986    4    8
1986    4    9
1986    4   10
1986    4   11
1986    4   12
1986    4   13
1986    4   14
1986    4   15
1986    4   16
1986    4   17
1986    4   18
1986    4   19
1986    4   20
1986    4   21
1986    4   22
1986    4   23
1986    4   24
1986    4   25
1986    4   26
1986    4   27
1986    4   28
1986    4   29
1986    4   30
1986    5    1
1986    5    2
1986    5    3
1986    5    4
1986    5    5
1986    5    6
1986    5    7
1986    5    8
1986    5    9
1986    5   10
1986    5   11
1986    5   12
1986    5   13
1986    5   14
1986    5   15
1986    5   16
1986    5   17
1986    5   18
1986    5   19
1986    5   20
1986    5   21
1986    5   22
1986    5   23
1986    5   24
1986    5   25
1986    5   26
1986    5   27
1986    5   28
1986    5   29
1986    5   30
1986    5   31
1986    6    1
1986    6    2
1986    6    3
1986    6    4
1986    6    5
1986    6    6
1986    6    7
1986    6    8
1986    6    9
1986    6   10
1986    6   11
1986    6   12
1986    6   13
1986    6   14
1986    6   15
1986    6   16
1986    6   17
1986    6   18
1986    6   19
1986    6   20
1986    6   21
1986    6   22
1986    6   23
1986    6   24
1986    6   25
1986    6   26
1986    6   27
1986    6   28
1986    6   29
1986    6   30
1986    7    1
1986    7    2
1986    7    3
1986    7    4
1986    7    5
1986    7    6
1986    7    7
1986    7    8
1986    7    9
1986    7   10
1986    7   11
1986    7   12
1986    7   13
1986    7   14
1986    7   15
1986    7   16
1986    7   17
1986    7   18
1986    7   19
1986    7   20
1986    7   21
1986    7   22
1986    7   23
1986    7   24
1986    7   25
1986    7   26
1986    7   27
1986    7   28
1986    7   29
1986    7   30
1986    7   31
1986    8    1
1986    8    2
1986    8    3
1986    8    4
1986    8    5
1986    8    6
1986    8    7
1986    8    8
1986    8    9
1986    8   10
1986    8   11
1986    8   12
1986    8   13
1986    8   14
1986    8   15
1986    8   16
1986    8   17
1986    8   18
1986    8   19
1986    8   20
1986    8   21
1986    8   22
1986    8   23
1986    8   24
1986    8   25
1986    8   26
1986    8   27
1986    8   28
1986    8   29
1986    8   30
1986    8   31
1986    9    1
1986    9    2
1986    9    3
1986    9    4
1986    9    5
1986    9    6
1986    9    7
1986    9    8
1986    9    9
1986    9   10
1986    9   11
1986    9   12
1986    9   13
1986    9   14
1986    9   15
1986    9   16
1986    9   17
1986    9   18
1986    9   19
1986    9   20
1986    9   21
1986    9   22
1986    9   23
1986    9   24
1986    9   25
1986    9   26
1986    9   27
1986    9   28
1986    9   29
1986    9   30
1986   10    1
1986   10    2
1986   10    3
1986   10    4
1986   10    5
1986   10    6
1986   10    7
1986   10    8
1986   10    9
1986   10   10
1986   10   11
1986   10   12
1986   10   13
1986   10   14
1986   10   15
1986   10   16
1986   10   17
1986   10   18
1986   10   19
1986   10   20
1986   10   21
1986   10   22
1986   10   23
1986   10   24
1986   10   25
1986   10   26
1986   10   27
1986   10   28
1986   10   29
1986   10   30
1986   10   31
1986   11    1
1986   11    2
1986   11    3
1986   11    4
1986   11    5
1986   11    6
1986   11    7
1986   11    8
1986   11    9
1986   11   10
1986   11   11
1986   11   12
1986   11   13
1986   11   14
1986   11   15
1986   11   16
1986   11   17
1986   11   18
1986   11   19
1986   11   20
1986   11   21
1986   11   22
1986   11   23
1986   11   24
1986   11   25
1986   11   26
1986   11   27
1986   11   28
1986   11   29
1986   11   30
1986   12    1
1986   12    2
1986   12    3
1986   12    4
1986   12    5
1986   12    6
1986   12    7
1986   12    8
1986   12    9
1986   12   10
1986   12   11
1986   12   12
1986   12   13
1986   12   14
1986   12   15
1986   12   16
1986   12   17
1986   12   18
1986   12   19
1986   12   20
1986   12   21
1986   12   22
1986   12   23
1986   12   24
1986   12   25
1986   12   26
1986   12   27
1986   12   28
1986   12   29
1986   12   30
1986   12   31
1987    1    1
1987    1    2
1987    1    3
1987    1    4
1987    1    5
1987    1    6
1987    1    7
1987    1    8
1987    1    9
1987    1   10
1987    1   11
1987    1   12
1987    1   13
1987    1   14
1987    1   15
1987    1   16
1987    1   17
1987    1   18
1987    1   19
1987    1   20
1987    1   21
1987    1   22
1987    1   23
1987    1   24
1987    1   25
1987    1   26
1987    1   27
1987    1   28
1987    1   29
1987    1   30
1987    1   31
1987    2    1
1987    2    2
1987    2    3
1987    2    4
1987    2    5
1987    2    6
1987    2    7
1987    2    8
1987    2    9
1987    2   10
1987    2   11
1987    2   12
1987    2   13
1987    2   14
1987    2   15
1987    2   16
1987    2   17
1987    2   18
1987    2   19
1987    2   20
1987    2   21
1987    2   22
1987    2   23
1987    2   24
1987    2   25
1987    2   26
1987    2   27
1987    2   28
1987    3    1
1987    3    2
1987    3    3
1987    3    4
1987    3    5
1987    3    6
1987    3    7
1987    3    8
1987    3    9
1987    3   10
1987    3   11
1987    3   12
1987    3   13
1987    3   14
1987    3   15
1987    3   16
1987    3   17
1987    3   18
1987    3   19
1987    3   20
1987    3   21
1987    3   22
1987    3   23
1987    3   24
1987    3   25
1987    3   26
1987    3   27
1987    3   28
1987    3   29
1987    3   30
1987    3   31
1987    4    1
1987    4    2
1987    4    3
1987    4    4
1987    4    5
1987    4    6
1987    4    7
1987    4    8
1987    4    9
1987    4   10
1987    4   11
1987    4   12
1987    4   13
1987    4   14
1987    4   15
1987    4   16
1987    4   17
1987    4   18
1987    4   19
1987    4   20
1987    4   21
1987    4   22
1987    4   23
1987    4   24
1987    4   25
1987    4   26
1987    4   27
1987    4   28
1987    4   29
1987    4   30
1987    5    1
1987    5    2
1987    5    3
1987    5    4
1987    5    5
1987    5    6
1987    5    7
1987    5    8
1987    5    9
1987    5   10
1987    5   11
1987    5   12
1987    5   13
1987    5   14
1987    5   15
1987    5   16
1987    5   17
1987    5   18
1987    5   19
1987    5   20
1987    5   21
1987    5   22
1987    5   23
1987    5   24
1987    5   25
1987    5   26
1987    5   27
1987    5   28
1987    5   29
1987    5   30
1987    5   31
1987    6    1
1987    6    2
1987    6    3
1987    6    4
1987    6    5
1987    6    6
1987    6    7
1987    6    8
1987    6    9
1987    6   10
1987    6   11
1987    6   12
1987    6   13
1987    6   14
1987    6   15
1987    6   16
1987    6   17
1987    6   18
1987    6   19
1987    6   20
1987    6   21
1987    6   22
1987    6   23
1987    6   24
1987    6   25
1987    6   26
1987    6   27
1987    6   28
1987    6   29
1987    6   30
1987    7    1
1987    7    2
1987    7    3
1987    7    4
1987    7    5
1987    7    6
1987    7    7
1987    7    8
1987    7    9
1987    7   10
1987    7   11
1987    7   12
1987    7   13
1987    7   14
1987    7   15
1987    7   16
1987    7   17
1987    7   18
1987    7   19
1987    7   20
1987    7   21
1987    7   22
1987    7   23
1987    7   24
1987    7   25
1987    7   26
1987    7   27
1987    7   28
1987    7   29
1987    7   30
1987    7   31
1987    8    1
1987    8    2
1987    8    3
1987    8    4
1987    8    5
1987    8    6
1987    8    7
1987    8    8
1987    8    9
1987    8   10
1987    8   11
1987    8   12
1987    8   13
1987    8   14
1987    8   15
1987    8   16
1987    8   17
1987    8   18
1987    8   19
1987    8   20
1987    8   21
1987    8   22
1987    8   23
1987    8   24
1987    8   25
1987    8   26
1987    8   27
1987    8   28
1987    8   29
1987    8   30
1987    8   31
1987    9    1
1987    9    2
1987    9    3
1987    9    4
1987    9    5
1987    9    6
1987    9    7
1987    9    8
1987    9    9
1987    9   10
1987    9   11
1987    9   12
1987    9   13
1987    9   14
1987    9   15
1987    9   16
1987    9   17
1987    9   18
1987    9   19
1987    9   20
1987    9   21
1987    9   22
1987    9   23
1987    9   24
1987    9   25
1987    9   26
1987    9   27
1987    9   28
1987    9   29
1987    9   30
1987   10    1
1987   10    2
1987   10    3
1987   10    4
1987   10    5
1987   10    6
1987   10    7
1987   10    8
1987   10    9
1987   10   10
1987   10   11
1987   10   12
1987   10   13
1987   10   14
1987   10   15
1987   10   16
1987   10   17
1987   10   18
1987   10   19
1987   10   20
1987   10   21
1987   10   22
1987   10   23
1987   10   24
1987   10   25
1987   10   26
1987   10   27
1987   10   28
1987   10   29
1987   10   30
1987   10   31
1987   11    1
1987   11    2
1987   11    3
1987   11    4
1987   11    5
1987   11    6
1987   11    7
1987   11    8
1987   11    9
1987   11   10
1987   11   11
1987   11   12
1987   11   13
1987   11   14
1987   11   15
1987   11   16
1987   11   17
1987   11   18
1987   11   19
1987   11   20
1987   11   21
1987   11   22
1987   11   23
1987   11   24
1987   11   25
1987   11   26
1987   11   27
1987   11   28
1987   11   29
1987   11   30
1987   12    1
1987   12    2
1987   12    3
1987   12    4
1987   12    5
1987   12    6
1987   12    7
1987   12    8
1987   12    9
1987   12   10
1987   12   11
1987   12   12
1987   12   13
1987   12   14
1987   12   15
1987   12   16
1987   12   17
1987   12   18
1987   12   19
1987   12   20
1987   12   21
1987   12   22
1987   12   23
1987   12   24
1987   12   25
1987   12   26
1987   12   27
1987   12   28
1987   12   29
1987   12   30
1987   12   31
1988    1    1
1988    1    2
1988    1    3
1988    1    4
1988    1    5
1988    1    6
1988    1    7
1988    1    8
1988    1    9
1988    1   10
1988    1   11
1988    1   12
1988    1   13
1988    1   14
1988    1   15
1988    1   16
1988    1   17
1988    1   18
1988    1   19
1988    1   20
1988    1   21
1988    1   22
1988    1   23
1988    1   24
1988    1   25
1988    1   26
1988    1   27
1988    1   28
1988    1   29
1988    1   30
1988    1   31
1988    2    1
1988    2    2
1988    2    3
1988    2    4
1988    2    5
1988    2    6
1988    2    7
1988    2    8
1988    2    9
1988    2   10
1988    2   11
1988    2   12
1988    2   13
1988    2   14
1988    2   15
1988    2   16
1988    2   17
1988    2   18
1988    2   19
1988    2   20
1988    2   21
1988    2   22
1988    2   23
1988    2   24
1988    2   25
1988    2   26
1988    2   27
1988    2   28
1988    2   29
1988    3    1
1988    3    2
1988    3    3
1988    3    4
1988    3    5
1988    3    6
1988    3    7
1988    3    8
1988    3    9
1988    3   10
1988    3   11
1988    3   12
1988    3   13
1988    3   14
1988    3   15
1988    3   16
1988    3   17
1988    3   18
1988    3   19
1988    3   20
1988    3   21
1988    3   22
1988    3   23
1988    3   24
1988    3   25
1988    3   26
1988    3   27
1988    3   28
1988    3   29
1988    3   30
1988    3   31
1988    4    1
1988    4    2
1988    4    3
1988    4    4
1988    4    5
1988    4    6
1988    4    7
1988    4    8
1988    4    9
1988    4   10
1988    4   11
1988    4   12
1988    4   13
1988    4   14
1988    4   15
1988    4   16
1988    4   17
1988    4   18
1988    4   19
1988    4   20
1988    4   21
1988    4   22
1988    4   23
1988    4   24
1988    4   25
1988    4   26
1988    4   27
1988    4   28
1988    4   29
1988    4   30
1988    5    1
1988    5    2
1988    5    3
1988    5    4
1988    5    5
1988    5    6
1988    5    7
1988    5    8
1988    5    9
1988    5   10
1988    5   11
1988    5   12
1988    5   13
1988    5   14
1988    5   15
1988    5   16
1988    5   17
1988    5   18
1988    5   19
1988    5   20
1988    5   21
1988    5   22
1988    5   23
1988    5   24
1988    5   25
1988    5   26
1988    5   27
1988    5   28
1988    5   29
1988    5   30
1988    5   31
1988    6    1
1988    6    2
1988    6    3
1988    6    4
1988    6    5
1988    6    6
1988    6    7
1988    6    8
1988    6    9
1988    6   10
1988    6   11
1988    6   12
1988    6   13
1988    6   14
1988    6   15
1988    6   16
1988    6   17
1988    6   18
1988    6   19
1988    6   20
1988    6   21
1988    6   22
1988    6   23
1988    6   24
1988    6   25
1988    6   26
1988    6   27
1988    6   28
1988    6   29
1988    6   30
1988    7    1
1988    7    2
1988    7    3
1988    7    4
1988    7    5
1988    7    6
1988    7    7
1988    7    8
1988    7    9
1988    7   10
1988    7   11
1988    7   12
1988    7   13
1988    7   14
1988    7   15
1988    7   16
1988    7   17
1988    7   18
1988    7   19
1988    7   20
1988    7   21
1988    7   22
1988    7   23
1988    7   24
1988    7   25
1988    7   26
1988    7   27
1988    7   28
1988    7   29
1988    7   30
1988    7   31
1988    8    1
1988    8    2
1988    8    3
1988    8    4
1988    8    5
1988    8    6
1988    8    7
1988    8    8
1988    8    9
1988    8   10
1988    8   11
1988    8   12
1988    8   13
1988    8   14
1988    8   15
1988    8   16
1988    8   17
1988    8   18
1988    8   19
1988    8   20
1988    8   21
1988    8   22
1988    8   23
1988    8   24
1988    8   25
1988    8   26
1988    8   27
1988    8   28
1988    8   29
1988    8   30
1988    8   31
1988    9    1
1988    9    2
1988    9    3
1988    9    4
1988    9    5
1988    9    6
1988    9    7
1988    9    8
1988    9    9
1988    9   10
1988    9   11
1988    9   12
1988    9   13
1988    9   14
1988    9   15
1988    9   16
1988    9   17
1988    9   18
1988    9   19
1988    9   20
1988    9   21
1988    9   22
1988    9   23
1988    9   24
1988    9   25
1988    9   26
1988    9   27
1988    9   28
1988    9   29
1988    9   30
1988   10    1
1988   10    2
1988   10    3
1988   10    4
1988   10    5
1988   10    6
1988   10    7
1988   10    8
1988   10    9
1988   10   10
1988   10   11
1988   10   12
1988   10   13
1988   10   14
1988   10   15
1988   10   16
1988   10   17
1988   10   18
1988   10   19
1988   10   20
1988   10   21
1988   10   22
1988   10   23
1988   10   24
1988   10   25
1988   10   26
1988   10   27
1988   10   28
1988   10   29
1988   10   30
1988   10   31
1988   11    1
1988   11    2
1988   11    3
1988   11    4
1988   11    5
1988   11    6
1988   11    7
1988   11    8
1988   11    9
1988   11   10
1988   11   11
1988   11   12
1988   11   13
1988   11   14
1988   11   15
1988   11   16
1988   11   17
1988   11   18
1988   11   19
1988   11   20
1988   11   21
1988   11   22
1988   11   23
1988   11   24
1988   11   25
1988   11   26
1988   11   27
1988   11   28
1988   11   29
1988   11   30
1988   12    1
1988   12    2
1988   12    3
1988   12    4
1988   12    5
1988   12    6
1988   12    7
1988   12    8
1988   12    9
1988   12   10
1988   12   11
1988   12   12
1988   12   13
1988   12   14
1988   12   15
1988   12   16
1988   12   17
1988   12   18
1988   12   19
1988   12   20
1988   12   21
1988   12   22
1988   12   23
1988   12   24
1988   12   25
1988   12   26
1988   12   27
1988   12   28
1988   12   29
1988   12   30
1988   12   31
1989    1    1
1989    1    2
1989    1    3
1989    1    4
1989    1    5
1989    1    6
1989    1    7
1989    1    8
1989    1    9
1989    1   10
1989    1   11
1989    1   12
1989    1   13
1989    1   14
1989    1   15
1989    1   16
1989    1   17
1989    1   18
1989    1   19
1989    1   20
1989    1   21
1989    1   22
1989    1   23
1989    1   24
1989    1   25
1989    1   26
1989    1   27
1989    1   28
1989    1   29
1989    1   30
1989    1   31
1989    2    1
1989    2    2
1989    2    3
1989    2    4
1989    2    5
1989    2    6
1989    2    7
1989    2    8
1989    2    9
1989    2   10
1989    2   11
1989    2   12
1989    2   13
1989    2   14
1989    2   15
1989    2   16
1989    2   17
1989    2   18
1989    2   19
1989    2   20
1989    2   21
1989    2   22
1989    2   23
1989    2   24
1989    2   25
1989    2   26
1989    2   27
1989    2   28
1989    3    1
1989    3    2
1989    3    3
1989    3    4
1989    3    5
1989    3    6
1989    3    7
1989    3    8
1989    3    9
1989    3   10
1989    3   11
1989    3   12
1989    3   13
1989    3   14
1989    3   15
1989    3   16
1989    3   17
1989    3   18
1989    3   19
1989    3   20
1989    3   21
1989    3   22
1989    3   23
1989    3   24
1989    3   25
1989    3   26
1989    3   27
1989    3   28
1989    3   29
1989    3   30
1989    3   31
1989    4    1
1989    4    2
1989    4    3
1989    4    4
1989    4    5
1989    4    6
1989    4    7
1989    4    8
1989    4    9
1989    4   10
1989    4   11
1989    4   12
1989    4   13
1989    4   14
1989    4   15
1989    4   16
1989    4   17
1989    4   18
1989    4   19
1989    4   20
1989    4   21
1989    4   22
1989    4   23
1989    4   24
1989    4   25
1989    4   26
1989    4   27
1989    4   28
1989    4   29
1989    4   30
1989    5    1
1989    5    2
1989    5    3
1989    5    4
1989    5    5
1989    5    6
1989    5    7
1989    5    8
1989    5    9
1989    5   10
1989    5   11
1989    5   12
1989    5   13
1989    5   14
1989    5   15
1989    5   16
1989    5   17
1989    5   18
1989    5   19
1989    5   20
1989    5   21
1989    5   22
1989    5   23
1989    5   24
1989    5   25
1989    5   26
1989    5   27
1989    5   28
1989    5   29
1989    5   30
1989    5   31
1989    6    1
1989    6    2
1989    6    3
1989    6    4
1989    6    5
1989    6    6
1989    6    7
1989    6    8
1989    6    9
1989    6   10
1989    6   11
1989    6   12
1989    6   13
1989    6   14
1989    6   15
1989    6   16
1989    6   17
1989    6   18
1989    6   19
1989    6   20
1989    6   21
1989    6   22
1989    6   23
1989    6   24
1989    6   25
1989    6   26
1989    6   27
1989    6   28
1989    6   29
1989    6   30
1989    7    1
1989    7    2
1989    7    3
1989    7    4
1989    7    5
1989    7    6
1989    7    7
1989    7    8
1989    7    9
1989    7   10
1989    7   11
1989    7   12
1989    7   13
1989    7   14
1989    7   15
1989    7   16
1989    7   17
1989    7   18
1989    7   19
1989    7   20
1989    7   21
1989    7   22
1989    7   23
1989    7   24
1989    7   25
1989    7   26
1989    7   27
1989    7   28
1989    7   29
1989    7   30
1989    7   31
1989    8    1
1989    8    2
1989    8    3
1989    8    4
1989    8    5
1989    8    6
1989    8    7
1989    8    8
1989    8    9
1989    8   10
1989    8   11
1989    8   12
1989    8   13
1989    8   14
1989    8   15
1989    8   16
1989    8   17
1989    8   18
1989    8   19
1989    8   20
1989    8   21
1989    8   22
1989    8   23
1989    8   24
1989    8   25
1989    8   26
1989    8   27
1989    8   28
1989    8   29
1989    8   30
1989    8   31
1989    9    1
1989    9    2
1989    9    3
1989    9    4
1989    9    5
1989    9    6
1989    9    7
1989    9    8
1989    9    9
1989    9   10
1989    9   11
1989    9   12
1989    9   13
1989    9   14
1989    9   15
1989    9   16
1989    9   17
1989    9   18
1989    9   19
1989    9   20
1989    9   21
1989    9   22
1989    9   23
1989    9   24
1989    9   25
1989    9   26
1989    9   27
1989    9   28
1989    9   29
1989    9   30
1989   10    1
1989   10    2
1989   10    3
1989   10    4
1989   10    5
1989   10    6
1989   10    7
1989   10    8
1989   10    9
1989   10   10
1989   10   11
1989   10   12
1989   10   13
1989   10   14
1989   10   15
1989   10   16
1989   10   17
1989   10   18
1989   10   19
1989   10   20
1989   10   21
1989   10   22
1989   10   23
1989   10   24
1989   10   25
1989   10   26
1989   10   27
1989   10   28
1989   10   29
1989   10   30
1989   10   31
1989   11    1
1989   11    2
1989   11    3
1989   11    4
1989   11    5
1989   11    6
1989   11    7
1989   11    8
1989   11    9
1989   11   10
1989   11   11
1989   11   12
1989   11   13
1989   11   14
1989   11   15
1989   11   16
1989   11   17
1989   11   18
1989   11   19
1989   11   20
1989   11   21
1989   11   22
1989   11   23
1989   11   24
1989   11   25
1989   11   26
1989   11   27
1989   11   28
1989   11   29
1989   11   30
1989   12    1
1989   12    2
1989   12    3
1989   12    4
1989   12    5
1989   12    6
1989   12    7
1989   12    8
1989   12    9
1989   12   10
1989   12   11
1989   12   12
1989   12   13
1989   12   14
1989   12   15
1989   12   16
1989   12   17
1989   12   18
1989   12   19
1989   12   20
1989   12   21
1989   12   22
1989   12   23
1989   12   24
1989   12   25
1989   12   26
1989   12   27
1989   12   28
1989   12   29
1989   12   30
1989   12   31
1990    1    1
1990    1    2
1990    1    3
1990    1    4
1990    1    5
1990    1    6
1990    1    7
1990    1    8
1990    1    9
1990    1   10
1990    1   11
1990    1   12
1990    1   13
1990    1   14
1990    1   15
1990    1   16
1990    1   17
1990    1   18
1990    1   19
1990    1   20
1990    1   21
1990    1   22
1990    1   23
1990    1   24
1990    1   25
1990    1   26
1990    1   27
1990    1   28
1990    1   29
1990    1   30
1990    1   31
1990    2    1
1990    2    2
1990    2    3
1990    2    4
1990    2    5
1990    2    6
1990    2    7
1990    2    8
1990    2    9
1990    2   10
1990    2   11
1990    2   12
1990    2   13
1990    2   14
1990    2   15
1990    2   16
1990    2   17
1990    2   18
1990    2   19
1990    2   20
1990    2   21
1990    2   22
1990    2   23
1990    2   24
1990    2   25
1990    2   26
1990    2   27
1990    2   28
1990    3    1
1990    3    2
1990    3    3
1990    3    4
1990    3    5
1990    3    6
1990    3    7
1990    3    8
1990    3    9
1990    3   10
1990    3   11
1990    3   12
1990    3   13
1990    3   14
1990    3   15
1990    3   16
1990    3   17
1990    3   18
1990    3   19
1990    3   20
1990    3   21
1990    3   22
1990    3   23
1990    3   24
1990    3   25
1990    3   26
1990    3   27
1990    3   28
1990    3   29
1990    3   30
1990    3   31
1990    4    1
1990    4    2
1990    4    3
1990    4    4
1990    4    5
1990    4    6
1990    4    7
1990    4    8
1990    4    9
1990    4   10
1990    4   11
1990    4   12
1990    4   13
1990    4   14
1990    4   15
1990    4   16
1990    4   17
1990    4   18
1990    4   19
1990    4   20
1990    4   21
1990    4   22
1990    4   23
1990    4   24
1990    4   25
1990    4   26
1990    4   27
1990    4   28
1990    4   29
1990    4   30
1990    5    1
1990    5    2
1990    5    3
1990    5    4
1990    5    5
1990    5    6
1990    5    7
1990    5    8
1990    5    9
1990    5   10
1990    5   11
1990    5   12
1990    5   13
1990    5   14
1990    5   15
1990    5   16
1990    5   17
1990    5   18
1990    5   19
1990    5   20
1990    5   21
1990    5   22
1990    5   23
1990    5   24
1990    5   25
1990    5   26
1990    5   27
1990    5   28
1990    5   29
1990    5   30
1990    5   31
1990    6    1
1990    6    2
1990    6    3
1990    6    4
1990    6    5
1990    6    6
1990    6    7
1990    6    8
1990    6    9
1990    6   10
1990    6   11
1990    6   12
1990    6   13
1990    6   14
1990    6   15
1990    6   16
1990    6   17
1990    6   18
1990    6   19
1990    6   20
1990    6   21
1990    6   22
1990    6   23
1990    6   24
1990    6   25
1990    6   26
1990    6   27
1990    6   28
1990    6   29
1990    6   30
1990    7    1
1990    7    2
1990    7    3
1990    7    4
1990    7    5
1990    7    6
1990    7    7
1990    7    8
1990    7    9
1990    7   10
1990    7   11
1990    7   12
1990    7   13
1990    7   14
1990    7   15
1990    7   16
1990    7   17
1990    7   18
1990    7   19
1990    7   20
1990    7   21
1990    7   22
1990    7   23
1990    7   24
1990    7   25
1990    7   26
1990    7   27
1990    7   28
1990    7   29
1990    7   30
1990    7   31
1990    8    1
1990    8    2
1990    8    3
1990    8    4
1990    8    5
1990    8    6
1990    8    7
1990    8    8
1990    8    9
1990    8   10
1990    8   11
1990    8   12
1990    8   13
1990    8   14
1990    8   15
1990    8   16
1990    8   17
1990    8   18
1990    8   19
1990    8   20
1990    8   21
1990    8   22
1990    8   23
1990    8   24
1990    8   25
1990    8   26
1990    8   27
1990    8   28
1990    8   29
1990    8   30
1990    8   31
1990    9    1
1990    9    2
1990    9    3
1990    9    4
1990    9    5
1990    9    6
1990    9    7
1990    9    8
1990    9    9
1990    9   10
1990    9   11
1990    9   12
1990    9   13
1990    9   14
1990    9   15
1990    9   16
1990    9   17
1990    9   18
1990    9   19
1990    9   20
1990    9   21
1990    9   22
1990    9   23
1990    9   24
1990    9   25
1990    9   26
1990    9   27
1990    9   28
1990    9   29
1990    9   30
1990   10    1
1990   10    2
1990   10    3
1990   10    4
1990   10    5
1990   10    6
1990   10    7
1990   10    8
1990   10    9
1990   10   10
1990   10   11
1990   10   12
1990   10   13
1990   10   14
1990   10   15
1990   10   16
1990   10   17
1990   10   18
1990   10   19
1990   10   20
1990   10   21
1990   10   22
1990   10   23
1990   10   24
1990   10   25
1990   10   26
1990   10   27
1990   10   28
1990   10   29
1990   10   30
1990   10   31
1990   11    1
1990   11    2
1990   11    3
1990   11    4
1990   11    5
1990   11    6
1990   11    7
1990   11    8
1990   11    9
1990   11   10
1990   11   11
1990   11   12
1990   11   13
1990   11   14
1990   11   15
1990   11   16
1990   11   17
1990   11   18
1990   11   19
1990   11   20
1990   11   21
1990   11   22
1990   11   23
1990   11   24
1990   11   25
1990   11   26
1990   11   27
1990   11   28
1990   11   29
1990   11   30
1990   12    1
1990   12    2
1990   12    3
1990   12    4
1990   12    5
1990   12    6
1990   12    7
1990   12    8
1990   12    9
1990   12   10
1990   12   11
1990   12   12
1990   12   13
1990   12   14
1990   12   15
1990   12   16
1990   12   17
1990   12   18
1990   12   19
1990   12   20
1990   12   21
1990   12   22
1990   12   23
1990   12   24
1990   12   25
1990   12   26
1990   12   27
1990   12   28
1990   12   29
1990   12   30
1990   12   31
1991    1    1
1991    1    2
1991    1    3
1991    1    4
1991    1    5
1991    1    6
1991    1    7
1991    1    8
1991    1    9
1991    1   10
1991    1   11
1991    1   12
1991    1   13
1991    1   14
1991    1   15
1991    1   16
1991    1   17
1991    1   18
1991    1   19
1991    1   20
1991    1   21
1991    1   22
1991    1   23
1991    1   24
1991    1   25
1991    1   26
1991    1   27
1991    1   28
1991    1   29
1991    1   30
1991    1   31
1991    2    1
1991    2    2
1991    2    3
1991    2    4
1991    2    5
1991    2    6
1991    2    7
1991    2    8
1991    2    9
1991    2   10
1991    2   11
1991    2   12
1991    2   13
1991    2   14
1991    2   15
1991    2   16
1991    2   17
1991    2   18
1991    2   19
1991    2   20
1991    2   21
1991    2   22
1991    2   23
1991    2   24
1991    2   25
1991    2   26
1991    2   27
1991    2   28
1991    3    1
1991    3    2
1991    3    3
1991    3    4
1991    3    5
1991    3    6
1991    3    7
1991    3    8
1991    3    9
1991    3   10
1991    3   11
1991    3   12
1991    3   13
1991    3   14
1991    3   15
1991    3   16
1991    3   17
1991    3   18
1991    3   19
1991    3   20
1991    3   21
1991    3   22
1991    3   23
1991    3   24
1991    3   25
1991    3   26
1991    3   27
1991    3   28
1991    3   29
1991    3   30
1991    3   31
1991    4    1
1991    4    2
1991    4    3
1991    4    4
1991    4    5
1991    4    6
1991    4    7
1991    4    8
1991    4    9
1991    4   10
1991    4   11
1991    4   12
1991    4   13
1991    4   14
1991    4   15
1991    4   16
1991    4   17
1991    4   18
1991    4   19
1991    4   20
1991    4   21
1991    4   22
1991    4   23
1991    4   24
1991    4   25
1991    4   26
1991    4   27
1991    4   28
1991    4   29
1991    4   30
1991    5    1
1991    5    2
1991    5    3
1991    5    4
1991    5    5
1991    5    6
1991    5    7
1991    5    8
1991    5    9
1991    5   10
1991    5   11
1991    5   12
1991    5   13
1991    5   14
1991    5   15
1991    5   16
1991    5   17
1991    5   18
1991    5   19
1991    5   20
1991    5   21
1991    5   22
1991    5   23
1991    5   24
1991    5   25
1991    5   26
1991    5   27
1991    5   28
1991    5   29
1991    5   30
1991    5   31
1991    6    1
1991    6    2
1991    6    3
1991    6    4
1991    6    5
1991    6    6
1991    6    7
1991    6    8
1991    6    9
1991    6   10
1991    6   11
1991    6   12
1991    6   13
1991    6   14
1991    6   15
1991    6   16
1991    6   17
1991    6   18
1991    6   19
1991    6   20
1991    6   21
1991    6   22
1991    6   23
1991    6   24
1991    6   25
1991    6   26
1991    6   27
1991    6   28
1991    6   29
1991    6   30
1991    7    1
1991    7    2
1991    7    3
1991    7    4
1991    7    5
1991    7    6
1991    7    7
1991    7    8
1991    7    9
1991    7   10
1991    7   11
1991    7   12
1991    7   13
1991    7   14
1991    7   15
1991    7   16
1991    7   17
1991    7   18
1991    7   19
1991    7   20
1991    7   21
1991    7   22
1991    7   23
1991    7   24
1991    7   25
1991    7   26
1991    7   27
1991    7   28
1991    7   29
1991    7   30
1991    7   31
1991    8    1
1991    8    2
1991    8    3
1991    8    4
1991    8    5
1991    8    6
1991    8    7
1991    8    8
1991    8    9
1991    8   10
1991    8   11
1991    8   12
1991    8   13
1991    8   14
1991    8   15
1991    8   16
1991    8   17
1991    8   18
1991    8   19
1991    8   20
1991    8   21
1991    8   22
1991    8   23
1991    8   24
1991    8   25
1991    8   26
1991    8   27
1991    8   28
1991    8   29
1991    8   30
1991    8   31
1991    9    1
1991    9    2
1991    9    3
1991    9    4
1991    9    5
1991    9    6
1991    9    7
1991    9    8
1991    9    9
1991    9   10
1991    9   11
1991    9   12
1991    9   13
1991    9   14
1991    9   15
1991    9   16
1991    9   17
1991    9   18
1991    9   19
1991    9   20
1991    9   21
1991    9   22
1991    9   23
1991    9   24
1991    9   25
1991    9   26
1991    9   27
1991    9   28
1991    9   29
1991    9   30
1991   10    1
1991   10    2
1991   10    3
1991   10    4
1991   10    5
1991   10    6
1991   10    7
1991   10    8
1991   10    9
1991   10   10
1991   10   11
1991   10   12
1991   10   13
1991   10   14
1991   10   15
1991   10   16
1991   10   17
1991   10   18
1991   10   19
1991   10   20
1991   10   21
1991   10   22
1991   10   23
1991   10   24
1991   10   25
1991   10   26
1991   10   27
1991   10   28
1991   10   29
1991   10   30
1991   10   31
1991   11    1
1991   11    2
1991   11    3
1991   11    4
1991   11    5
1991   11    6
1991   11    7
1991   11    8
1991   11    9
1991   11   10
1991   11   11
1991   11   12
1991   11   13
1991   11   14
1991   11   15
1991   11   16
1991   11   17
1991   11   18
1991   11   19
1991   11   20
1991   11   21
1991   11   22
1991   11   23
1991   11   24
1991   11   25
1991   11   26
1991   11   27
1991   11   28
1991   11   29
1991   11   30
1991   12    1
1991   12    2
1991   12    3
1991   12    4
1991   12    5
1991   12    6
1991   12    7
1991   12    8
1991   12    9
1991   12   10
1991   12   11
1991   12   12
1991   12   13
1991   12   14
1991   12   15
1991   12   16
1991   12   17
1991   12   18
1991   12   19
1991   12   20
1991   12   21
1991   12   22
1991   12   23
1991   12   24
1991   12   25
1991   12   26
1991   12   27
1991   12   28
1991   12   29
1991   12   30
1991   12   31
1992    1    1
1992    1    2
1992    1    3
1992    1    4
1992    1    5
1992    1    6
1992    1    7
1992    1    8
1992    1    9
1992    1   10
1992    1   11
1992    1   12
1992    1   13
1992    1   14
1992    1   15
1992    1   16
1992    1   17
1992    1   18
1992    1   19
1992    1   20
1992    1   21
1992    1   22
1992    1   23
1992    1   24
1992    1   25
1992    1   26
1992    1   27
1992    1   28
1992    1   29
1992    1   30
1992    1   31
1992    2    1
1992    2    2
1992    2    3
1992    2    4
1992    2    5
1992    2    6
1992    2    7
1992    2    8
1992    2    9
1992    2   10
1992    2   11
1992    2   12
1992    2   13
1992    2   14
1992    2   15
1992    2   16
1992    2   17
1992    2   18
1992    2   19
1992    2   20
1992    2   21
1992    2   22
1992    2   23
1992    2   24
1992    2   25
1992    2   26
1992    2   27
1992    2   28
1992    2   29
1992    3    1
1992    3    2
1992    3    3
1992    3    4
1992    3    5
1992    3    6
1992    3    7
1992    3    8
1992    3    9
1992    3   10
1992    3   11
1992    3   12
1992    3   13
1992    3   14
1992    3   15
1992    3   16
1992    3   17
1992    3   18
1992    3   19
1992    3   20
1992    3   21
1992    3   22
1992    3   23
1992    3   24
1992    3   25
1992    3   26
1992    3   27
1992    3   28
1992    3   29
1992    3   30
1992    3   31
1992    4    1
1992    4    2
1992    4    3
1992    4    4
1992    4    5
1992    4    6
1992    4    7
1992    4    8
1992    4    9
1992    4   10
1992    4   11
1992    4   12
1992    4   13
1992    4   14
1992    4   15
1992    4   16
1992    4   17
1992    4   18
1992    4   19
1992    4   20
1992    4   21
1992    4   22
1992    4   23
1992    4   24
1992    4   25
1992    4   26
1992    4   27
1992    4   28
1992    4   29
1992    4   30
1992    5    1
1992    5    2
1992    5    3
1992    5    4
1992    5    5
1992    5    6
1992    5    7
1992    5    8
1992    5    9
1992    5   10
1992    5   11
1992    5   12
1992    5   13
1992    5   14
1992    5   15
1992    5   16
1992    5   17
1992    5   18
1992    5   19
1992    5   20
1992    5   21
1992    5   22
1992    5   23
1992    5   24
1992    5   25
1992    5   26
1992    5   27
1992    5   28
1992    5   29
1992    5   30
1992    5   31
1992    6    1
1992    6    2
1992    6    3
1992    6    4
1992    6    5
1992    6    6
1992    6    7
1992    6    8
1992    6    9
1992    6   10
1992    6   11
1992    6   12
1992    6   13
1992    6   14
1992    6   15
1992    6   16
1992    6   17
1992    6   18
1992    6   19
1992    6   20
1992    6   21
1992    6   22
1992    6   23
1992    6   24
1992    6   25
1992    6   26
1992    6   27
1992    6   28
1992    6   29
1992    6   30
1992    7    1
1992    7    2
1992    7    3
1992    7    4
1992    7    5
1992    7    6
1992    7    7
1992    7    8
1992    7    9
1992    7   10
1992    7   11
1992    7   12
1992    7   13
1992    7   14
1992    7   15
1992    7   16
1992    7   17
1992    7   18
1992    7   19
1992    7   20
1992    7   21
1992    7   22
1992    7   23
1992    7   24
1992    7   25
1992    7   26
1992    7   27
1992    7   28
1992    7   29
1992    7   30
1992    7   31
1992    8    1
1992    8    2
1992    8    3
1992    8    4
1992    8    5
1992    8    6
1992    8    7
1992    8    8
1992    8    9
1992    8   10
1992    8   11
1992    8   12
1992    8   13
1992    8   14
1992    8   15
1992    8   16
1992    8   17
1992    8   18
1992    8   19
1992    8   20
1992    8   21
1992    8   22
1992    8   23
1992    8   24
1992    8   25
1992    8   26
1992    8   27
1992    8   28
1992    8   29
1992    8   30
1992    8   31
1992    9    1
1992    9    2
1992    9    3
1992    9    4
1992    9    5
1992    9    6
1992    9    7
1992    9    8
1992    9    9
1992    9   10
1992    9   11
1992    9   12
1992    9   13
1992    9   14
1992    9   15
1992    9   16
1992    9   17
1992    9   18
1992    9   19
1992    9   20
1992    9   21
1992    9   22
1992    9   23
1992    9   24
1992    9   25
1992    9   26
1992    9   27
1992    9   28
1992    9   29
1992    9   30
1992   10    1
1992   10    2
1992   10    3
1992   10    4
1992   10    5
1992   10    6
1992   10    7
1992   10    8
1992   10    9
1992   10   10
1992   10   11
1992   10   12
1992   10   13
1992   10   14
1992   10   15
1992   10   16
1992   10   17
1992   10   18
1992   10   19
1992   10   20
1992   10   21
1992   10   22
1992   10   23
1992   10   24
1992   10   25
1992   10   26
1992   10   27
1992   10   28
1992   10   29
1992   10   30
1992   10   31
1992   11    1
1992   11    2
1992   11    3
1992   11    4
1992   11    5
1992   11    6
1992   11    7
1992   11    8
1992   11    9
1992   11   10
1992   11   11
1992   11   12
1992   11   13
1992   11   14
1992   11   15
1992   11   16
1992   11   17
1992   11   18
1992   11   19
1992   11   20
1992   11   21
1992   11   22
1992   11   23
1992   11   24
1992   11   25
1992   11   26
1992   11   27
1992   11   28
1992   11   29
1992   11   30
1992   12    1
1992   12    2
1992   12    3
1992   12    4
1992   12    5
1992   12    6
1992   12    7
1992   12    8
1992   12    9
1992   12   10
1992   12   11
1992   12   12
1992   12   13
1992   12   14
1992   12   15
1992   12   16
1992   12   17
1992   12   18
1992   12   19
1992   12   20
1992   12   21
1992   12   22
1992   12   23
1992   12   24
1992   12   25
1992   12   26
1992   12   27
1992   12   28
1992   12   29
1992   12   30
1992   12   31
1993    1    1
1993    1    2
1993    1    3
1993    1    4
1993    1    5
1993    1    6
1993    1    7
1993    1    8
1993    1    9
1993    1   10
1993    1   11
1993    1   12
1993    1   13
1993    1   14
1993    1   15
1993    1   16
1993    1   17
1993    1   18
1993    1   19
1993    1   20
1993    1   21
1993    1   22
1993    1   23
1993    1   24
1993    1   25
1993    1   26
1993    1   27
1993    1   28
1993    1   29
1993    1   30
1993    1   31
1993    2    1
1993    2    2
1993    2    3
1993    2    4
1993    2    5
1993    2    6
1993    2    7
1993    2    8
1993    2    9
1993    2   10
1993    2   11
1993    2   12
1993    2   13
1993    2   14
1993    2   15
1993    2   16
1993    2   17
1993    2   18
1993    2   19
1993    2   20
1993    2   21
1993    2   22
1993    2   23
1993    2   24
1993    2   25
1993    2   26
1993    2   27
1993    2   28
1993    3    1
1993    3    2
1993    3    3
1993    3    4
1993    3    5
1993    3    6
1993    3    7
1993    3    8
1993    3    9
1993    3   10
1993    3   11
1993    3   12
1993    3   13
1993    3   14
1993    3   15
1993    3   16
1993    3   17
1993    3   18
1993    3   19
1993    3   20
1993    3   21
1993    3   22
1993    3   23
1993    3   24
1993    3   25
1993    3   26
1993    3   27
1993    3   28
1993    3   29
1993    3   30
1993    3   31
1993    4    1
1993    4    2
1993    4    3
1993    4    4
1993    4    5
1993    4    6
1993    4    7
1993    4    8
1993    4    9
1993    4   10
1993    4   11
1993    4   12
1993    4   13
1993    4   14
1993    4   15
1993    4   16
1993    4   17
1993    4   18
1993    4   19
1993    4   20
1993    4   21
1993    4   22
1993    4   23
1993    4   24
1993    4   25
1993    4   26
1993    4   27
1993    4   28
1993    4   29
1993    4   30
1993    5    1
1993    5    2
1993    5    3
1993    5    4
1993    5    5
1993    5    6
1993    5    7
1993    5    8
1993    5    9
1993    5   10
1993    5   11
1993    5   12
1993    5   13
1993    5   14
1993    5   15
1993    5   16
1993    5   17
1993    5   18
1993    5   19
1993    5   20
1993    5   21
1993    5   22
1993    5   23
1993    5   24
1993    5   25
1993    5   26
1993    5   27
1993    5   28
1993    5   29
1993    5   30
1993    5   31
1993    6    1
1993    6    2
1993    6    3
1993    6    4
1993    6    5
1993    6    6
1993    6    7
1993    6    8
1993    6    9
1993    6   10
1993    6   11
1993    6   12
1993    6   13
1993    6   14
1993    6   15
1993    6   16
1993    6   17
1993    6   18
1993    6   19
1993    6   20
1993    6   21
1993    6   22
1993    6   23
1993    6   24
1993    6   25
1993    6   26
1993    6   27
1993    6   28
1993    6   29
1993    6   30
1993    7    1
1993    7    2
1993    7    3
1993    7    4
1993    7    5
1993    7    6
1993    7    7
1993    7    8
1993    7    9
1993    7   10
1993    7   11
1993    7   12
1993    7   13
1993    7   14
1993    7   15
1993    7   16
1993    7   17
1993    7   18
1993    7   19
1993    7   20
1993    7   21
1993    7   22
1993    7   23
1993    7   24
1993    7   25
1993    7   26
1993    7   27
1993    7   28
1993    7   29
1993    7   30
1993    7   31
1993    8    1
1993    8    2
1993    8    3
1993    8    4
1993    8    5
1993    8    6
1993    8    7
1993    8    8
1993    8    9
1993    8   10
1993    8   11
1993    8   12
1993    8   13
1993    8   14
1993    8   15
1993    8   16
1993    8   17
1993    8   18
1993    8   19
1993    8   20
1993    8   21
1993    8   22
1993    8   23
1993    8   24
1993    8   25
1993    8   26
1993    8   27
1993    8   28
1993    8   29
1993    8   30
1993    8   31
1993    9    1
1993    9    2
1993    9    3
1993    9    4
1993    9    5
1993    9    6
1993    9    7
1993    9    8
1993    9    9
1993    9   10
1993    9   11
1993    9   12
1993    9   13
1993    9   14
1993    9   15
1993    9   16
1993    9   17
1993    9   18
1993    9   19
1993    9   20
1993    9   21
1993    9   22
1993    9   23
1993    9   24
1993    9   25
1993    9   26
1993    9   27
1993    9   28
1993    9   29
1993    9   30
1993   10    1
1993   10    2
1993   10    3
1993   10    4
1993   10    5
1993   10    6
1993   10    7
1993   10    8
1993   10    9
1993   10   10
1993   10   11
1993   10   12
1993   10   13
1993   10   14
1993   10   15
1993   10   16
1993   10   17
1993   10   18
1993   10   19
1993   10   20
1993   10   21
1993   10   22
1993   10   23
1993   10   24
1993   10   25
1993   10   26
1993   10   27
1993   10   28
1993   10   29
1993   10   30
1993   10   31
1993   11    1
1993   11    2
1993   11    3
1993   11    4
1993   11    5
1993   11    6
1993   11    7
1993   11    8
1993   11    9
1993   11   10
1993   11   11
1993   11   12
1993   11   13
1993   11   14
1993   11   15
1993   11   16
1993   11   17
1993   11   18
1993   11   19
1993   11   20
1993   11   21
1993   11   22
1993   11   23
1993   11   24
1993   11   25
1993   11   26
1993   11   27
1993   11   28
1993   11   29
1993   11   30
1993   12    1
1993   12    2
1993   12    3
1993   12    4
1993   12    5
1993   12    6
1993   12    7
1993   12    8
1993   12    9
1993   12   10
1993   12   11
1993   12   12
1993   12   13
1993   12   14
1993   12   15
1993   12   16
1993   12   17
1993   12   18
1993   12   19
1993   12   20
1993   12   21
1993   12   22
1993   12   23
1993   12   24
1993   12   25
1993   12   26
1993   12   27
1993   12   28
1993   12   29
1993   12   30
1993   12   31
1994    1    1
1994    1    2
1994    1    3
1994    1    4
1994    1    5
1994    1    6
1994    1    7
1994    1    8
1994    1    9
1994    1   10
1994    1   11
1994    1   12
1994    1   13
1994    1   14
1994    1   15
1994    1   16
1994    1   17
1994    1   18
1994    1   19
1994    1   20
1994    1   21
1994    1   22
1994    1   23
1994    1   24
1994    1   25
1994    1   26
1994    1   27
1994    1   28
1994    1   29
1994    1   30
1994    1   31
1994    2    1
1994    2    2
1994    2    3
1994    2    4
1994    2    5
1994    2    6
1994    2    7
1994    2    8
1994    2    9
1994    2   10
1994    2   11
1994    2   12
1994    2   13
1994    2   14
1994    2   15
1994    2   16
1994    2   17
1994    2   18
1994    2   19
1994    2   20
1994    2   21
1994    2   22
1994    2   23
1994    2   24
1994    2   25
1994    2   26
1994    2   27
1994    2   28
1994    3    1
1994    3    2
1994    3    3
1994    3    4
1994    3    5
1994    3    6
1994    3    7
1994    3    8
1994    3    9
1994    3   10
1994    3   11
1994    3   12
1994    3   13
1994    3   14
1994    3   15
1994    3   16
1994    3   17
1994    3   18
1994    3   19
1994    3   20
1994    3   21
1994    3   22
1994    3   23
1994    3   24
1994    3   25
1994    3   26
1994    3   27
1994    3   28
1994    3   29
1994    3   30
1994    3   31
1994    4    1
1994    4    2
1994    4    3
1994    4    4
1994    4    5
1994    4    6
1994    4    7
1994    4    8
1994    4    9
1994    4   10
1994    4   11
1994    4   12
1994    4   13
1994    4   14
1994    4   15
1994    4   16
1994    4   17
1994    4   18
1994    4   19
1994    4   20
1994    4   21
1994    4   22
1994    4   23
1994    4   24
1994    4   25
1994    4   26
1994    4   27
1994    4   28
1994    4   29
1994    4   30
1994    5    1
1994    5    2
1994    5    3
1994    5    4
1994    5    5
1994    5    6
1994    5    7
1994    5    8
1994    5    9
1994    5   10
1994    5   11
1994    5   12
1994    5   13
1994    5   14
1994    5   15
1994    5   16
1994    5   17
1994    5   18
1994    5   19
1994    5   20
1994    5   21
1994    5   22
1994    5   23
1994    5   24
1994    5   25
1994    5   26
1994    5   27
1994    5   28
1994    5   29
1994    5   30
1994    5   31
1994    6    1
1994    6    2
1994    6    3
1994    6    4
1994    6    5
1994    6    6
1994    6    7
1994    6    8
1994    6    9
1994    6   10
1994    6   11
1994    6   12
1994    6   13
1994    6   14
1994    6   15
1994    6   16
1994    6   17
1994    6   18
1994    6   19
1994    6   20
1994    6   21
1994    6   22
1994    6   23
1994    6   24
1994    6   25
1994    6   26
1994    6   27
1994    6   28
1994    6   29
1994    6   30
1994    7    1
1994    7    2
1994    7    3
1994    7    4
1994    7    5
1994    7    6
1994    7    7
1994    7    8
1994    7    9
1994    7   10
1994    7   11
1994    7   12
1994    7   13
1994    7   14
1994    7   15
1994    7   16
1994    7   17
1994    7   18
1994    7   19
1994    7   20
1994    7   21
1994    7   22
1994    7   23
1994    7   24
1994    7   25
1994    7   26
1994    7   27
1994    7   28
1994    7   29
1994    7   30
1994    7   31
1994    8    1
1994    8    2
1994    8    3
1994    8    4
1994    8    5
1994    8    6
1994    8    7
1994    8    8
1994    8    9
1994    8   10
1994    8   11
1994    8   12
1994    8   13
1994    8   14
1994    8   15
1994    8   16
1994    8   17
1994    8   18
1994    8   19
1994    8   20
1994    8   21
1994    8   22
1994    8   23
1994    8   24
1994    8   25
1994    8   26
1994    8   27
1994    8   28
1994    8   29
1994    8   30
1994    8   31
1994    9    1
1994    9    2
1994    9    3
1994    9    4
1994    9    5
1994    9    6
1994    9    7
1994    9    8
1994    9    9
1994    9   10
1994    9   11
1994    9   12
1994    9   13
1994    9   14
1994    9   15
1994    9   16
1994    9   17
1994    9   18
1994    9   19
1994    9   20
1994    9   21
1994    9   22
1994    9   23
1994    9   24
1994    9   25
1994    9   26
1994    9   27
1994    9   28
1994    9   29
1994    9   30
1994   10    1
1994   10    2
1994   10    3
1994   10    4
1994   10    5
1994   10    6
1994   10    7
1994   10    8
1994   10    9
1994   10   10
1994   10   11
1994   10   12
1994   10   13
1994   10   14
1994   10   15
1994   10   16
1994   10   17
1994   10   18
1994   10   19
1994   10   20
1994   10   21
1994   10   22
1994   10   23
1994   10   24
1994   10   25
1994   10   26
1994   10   27
1994   10   28
1994   10   29
1994   10   30
1994   10   31
1994   11    1
1994   11    2
1994   11    3
1994   11    4
1994   11    5
1994   11    6
1994   11    7
1994   11    8
1994   11    9
1994   11   10
1994   11   11
1994   11   12
1994   11   13
1994   11   14
1994   11   15
1994   11   16
1994   11   17
1994   11   18
1994   11   19
1994   11   20
1994   11   21
1994   11   22
1994   11   23
1994   11   24
1994   11   25
1994   11   26
1994   11   27
1994   11   28
1994   11   29
1994   11   30
1994   12    1
1994   12    2
1994   12    3
1994   12    4
1994   12    5
1994   12    6
1994   12    7
1994   12    8
1994   12    9
1994   12   10
1994   12   11
1994   12   12
1994   12   13
1994   12   14
1994   12   15
1994   12   16
1994   12   17
1994   12   18
1994   12   19
1994   12   20
1994   12   21
1994   12   22
1994   12   23
1994   12   24
1994   12   25
1994   12   26
1994   12   27
1994   12   28
1994   12   29
1994   12   30
1994   12   31
